# Created by Octave 3.8.1, Wed Oct 29 11:20:15 2014 CET <mjjaniec@mjjaniec-B590>
# name: B
# type: matrix
# rows: 2
# columns: 2
 1 2
 3 4


